-8.704980000000000473e+01
-7.927689999999999770e+01
-7.440680000000000405e+01
-7.321160000000000423e+01
-7.486490000000000578e+01
-7.694129999999999825e+01
-8.024420000000000641e+01
-7.766150000000000375e+01
-7.799840000000000373e+01
-7.634329999999999927e+01
-7.177660000000000196e+01
-6.642369999999999663e+01
-6.435139999999999816e+01
-6.657160000000000366e+01
-7.222650000000000148e+01
-8.248600000000000421e+01
-7.866679999999999495e+01
-7.557229999999999848e+01
-7.586610000000000298e+01
-7.824320000000000164e+01
-7.881480000000000530e+01
-7.738670000000000471e+01
-8.476090000000000657e+01
-8.037999999999999545e+01
-8.031810000000000116e+01
-8.225430000000000064e+01
-8.094350000000000023e+01
-7.784749999999999659e+01
-7.882580000000000098e+01
-8.597199999999999420e+01
-7.924250000000000682e+01
-7.426850000000000307e+01
-7.279099999999999682e+01
-7.400300000000000011e+01
-7.730049999999999955e+01
-7.614960000000000662e+01
-7.538779999999999859e+01
-7.623579999999999757e+01
-7.542230000000000700e+01
-7.549729999999999563e+01
-7.685429999999999495e+01
-7.243600000000000705e+01
-7.327299999999999613e+01
-7.528199999999999648e+01
-7.270940000000000225e+01
-7.452599999999999625e+01
-8.420579999999999643e+01
-9.052809999999999491e+01
-8.306980000000000075e+01
-7.853199999999999648e+01
-7.661979999999999791e+01
-7.833920000000000528e+01
-8.186899999999999977e+01
-7.925499999999999545e+01
-7.876300000000000523e+01
-7.729909999999999570e+01
-7.336440000000000339e+01
-7.273329999999999984e+01
-7.497360000000000468e+01
-7.939400000000000546e+01
-8.299890000000000612e+01
-7.396150000000000091e+01
-6.983369999999999322e+01
-6.598650000000000659e+01
-6.682630000000000337e+01
-7.485720000000000596e+01
-8.411360000000000525e+01
-9.385540000000000305e+01
-7.817940000000000111e+01
-7.578140000000000498e+01
-7.873050000000000637e+01
-7.963450000000000273e+01
-7.370740000000000691e+01
-7.434499999999999886e+01
-7.805370000000000630e+01
-8.069889999999999475e+01
-8.098609999999999332e+01
-8.267539999999999623e+01
-7.559090000000000487e+01
-7.592390000000000327e+01
-7.214159999999999684e+01
-7.026800000000000068e+01
-7.333209999999999695e+01
-7.802570000000000050e+01
-8.188280000000000314e+01
-9.267629999999999768e+01
-7.865109999999999957e+01
-7.326420000000000243e+01
-7.084900000000000375e+01
-7.111440000000000339e+01
-7.047620000000000573e+01
-7.095730000000000359e+01
-7.623950000000000671e+01
-8.655939999999999657e+01
-9.627030000000000598e+01
-8.418300000000000693e+01
-8.063020000000000209e+01
-7.782189999999999941e+01
-7.567820000000000391e+01
-7.661610000000000298e+01
-7.975799999999999557e+01
-7.751789999999999736e+01
-7.406090000000000373e+01
-6.971550000000000580e+01
-6.836339999999999861e+01
-6.892740000000000578e+01
-6.827460000000000662e+01
-6.614079999999999870e+01
-6.701569999999999538e+01
-7.335869999999999891e+01
-7.992650000000000432e+01
-7.424909999999999854e+01
-7.355209999999999582e+01
-6.578879999999999484e+01
-5.327920000000000300e+01
-4.737330000000000041e+01
-4.795380000000000109e+01
-5.571979999999999933e+01
-7.305629999999999313e+01
-8.314939999999999998e+01
-7.976879999999999882e+01
-7.918269999999999698e+01
-8.075830000000000553e+01
-8.007970000000000255e+01
-7.691049999999999898e+01
-7.448009999999999309e+01
-7.185550000000000637e+01
-7.018940000000000623e+01
-6.930559999999999832e+01
-7.019620000000000459e+01
-7.723460000000000036e+01
-7.747929999999999495e+01
-7.424240000000000350e+01
-7.234109999999999729e+01
-7.057559999999999434e+01
-7.381850000000000023e+01
-8.209829999999999472e+01
-8.868460000000000321e+01
-7.886570000000000391e+01
-7.786990000000000123e+01
-8.478560000000000230e+01
-8.841289999999999338e+01
-8.290160000000000196e+01
-8.806749999999999545e+01
-9.388030000000000541e+01
-8.181759999999999877e+01
-8.364279999999999404e+01
-9.032299999999999329e+01
-8.229630000000000223e+01
-7.786629999999999541e+01
-7.694629999999999370e+01
-7.679340000000000543e+01
-7.570560000000000400e+01
-7.422199999999999420e+01
-7.558559999999999945e+01
-8.425109999999999388e+01
-7.869639999999999702e+01
-7.462940000000000396e+01
-7.989579999999999416e+01
-8.374230000000000018e+01
-7.812000000000000455e+01
-7.838710000000000377e+01
-8.262250000000000227e+01
-8.373449999999999704e+01
-7.833360000000000412e+01
-8.580599999999999739e+01
-7.815959999999999752e+01
-6.962220000000000653e+01
-6.824660000000000082e+01
-7.169899999999999807e+01
-7.757129999999999370e+01
-8.156969999999999743e+01
-8.136239999999999384e+01
-8.267210000000000036e+01
-7.935909999999999798e+01
-7.540699999999999648e+01
-7.499190000000000111e+01
-7.724639999999999418e+01
-7.991889999999999361e+01
-7.791639999999999588e+01
-7.364870000000000516e+01
-7.281140000000000612e+01
-7.437319999999999709e+01
-7.811700000000000443e+01
-8.017589999999999861e+01
-7.885089999999999577e+01
-7.564660000000000650e+01
-7.736409999999999343e+01
-8.318510000000000559e+01
-7.838230000000000075e+01
-7.933440000000000225e+01
-8.267749999999999488e+01
-7.648930000000000007e+01
-7.986549999999999727e+01
-7.586750000000000682e+01
-7.463890000000000668e+01
-8.351380000000000337e+01
-8.291030000000000655e+01
-7.874869999999999948e+01
-7.736560000000000059e+01
-7.488160000000000593e+01
-7.560939999999999372e+01
-8.293089999999999407e+01
-9.165860000000000696e+01
-8.282110000000000127e+01
-8.042459999999999809e+01
-8.146790000000000020e+01
-8.102630000000000621e+01
-7.838179999999999836e+01
-8.008249999999999602e+01
-8.100979999999999848e+01
-7.662239999999999895e+01
-7.720459999999999923e+01
-7.962439999999999429e+01
-8.046309999999999718e+01
-9.083459999999999468e+01
-8.315529999999999688e+01
-8.317319999999999425e+01
-6.836109999999999332e+01
-6.472039999999999793e+01
-6.716790000000000305e+01
-7.305580000000000496e+01
-7.431220000000000425e+01
-7.429229999999999734e+01
-7.636849999999999739e+01
-7.781879999999999598e+01
-7.637409999999999854e+01
-7.017189999999999372e+01
-6.819809999999999661e+01
-6.919339999999999691e+01
-7.434149999999999636e+01
-8.574280000000000257e+01
-7.656560000000000343e+01
-7.730790000000000362e+01
-7.627530000000000143e+01
-7.243510000000000559e+01
-7.110599999999999454e+01
-7.206159999999999854e+01
-7.678990000000000293e+01
-7.638259999999999650e+01
-7.755259999999999820e+01
-7.791989999999999839e+01
-7.674830000000000041e+01
-7.861169999999999902e+01
-7.880159999999999343e+01
-7.875499999999999545e+01
-7.701309999999999434e+01
-7.421989999999999554e+01
-8.211069999999999425e+01
-7.472419999999999618e+01
-7.308509999999999707e+01
-7.810049999999999670e+01
-8.735209999999999297e+01
-7.301900000000000546e+01
-6.979579999999999984e+01
-6.875039999999999907e+01
-6.909019999999999584e+01
-7.002899999999999636e+01
-7.330039999999999623e+01
-8.900950000000000273e+01
-7.710639999999999361e+01
-7.242130000000000223e+01
-7.127710000000000434e+01
-7.419299999999999784e+01
-8.842470000000000141e+01
-8.240000000000000568e+01
-8.126609999999999445e+01
-8.062940000000000396e+01
-7.655920000000000414e+01
-7.758750000000000568e+01
-7.877800000000000580e+01
-7.148820000000000618e+01
-6.777139999999999986e+01
-6.929770000000000607e+01
-7.500499999999999545e+01
-7.276399999999999579e+01
-7.245220000000000482e+01
-8.115040000000000475e+01
-8.182429999999999382e+01
-7.970440000000000680e+01
-8.176970000000000027e+01
-8.883559999999999945e+01
-9.430780000000000030e+01
-8.983990000000000009e+01
-8.049989999999999668e+01
-7.932769999999999300e+01
-7.749349999999999739e+01
-7.301730000000000587e+01
-7.012350000000000705e+01
-7.086480000000000246e+01
-7.440430000000000632e+01
-7.539960000000000662e+01
-7.560360000000000014e+01
-7.660649999999999693e+01
-7.775440000000000396e+01
-7.513830000000000098e+01
-8.034430000000000405e+01
-8.059969999999999857e+01
-7.862669999999999959e+01
-8.174169999999999447e+01
-9.005089999999999861e+01
-7.821399999999999864e+01
-7.249779999999999802e+01
-6.918000000000000682e+01
-6.765109999999999957e+01
-7.084239999999999782e+01
-7.629890000000000327e+01
-7.542090000000000316e+01
-7.423040000000000305e+01
-7.434210000000000207e+01
-7.958159999999999457e+01
-8.827729999999999677e+01
-8.310399999999999920e+01
-7.876959999999999695e+01
-8.309329999999999927e+01
-9.117289999999999850e+01
-8.642829999999999302e+01
-8.369710000000000605e+01
-7.575539999999999452e+01
-7.520659999999999457e+01
-8.573890000000000100e+01
-8.679000000000000625e+01
-7.329500000000000171e+01
-6.486159999999999570e+01
-6.724379999999999313e+01
-8.629099999999999682e+01
-7.260559999999999548e+01
-7.807699999999999818e+01
-7.747610000000000241e+01
-7.517789999999999395e+01
-8.375180000000000291e+01
-8.772960000000000491e+01
-8.036969999999999459e+01
-7.489690000000000225e+01
-7.269679999999999609e+01
-7.113840000000000430e+01
-7.133360000000000412e+01
-7.504000000000000625e+01
-8.187080000000000268e+01
-8.446580000000000155e+01
-8.349939999999999429e+01
-8.236539999999999395e+01
-7.821500000000000341e+01
-7.768470000000000653e+01
-7.829269999999999641e+01
-7.569469999999999743e+01
-7.452320000000000277e+01
-7.502930000000000632e+01
-7.579259999999999309e+01
-7.187520000000000664e+01
-7.433629999999999427e+01
-7.914870000000000516e+01
-7.304399999999999693e+01
-7.234080000000000155e+01
-8.031730000000000302e+01
-9.156730000000000302e+01
-7.999920000000000186e+01
-7.539379999999999882e+01
-7.254479999999999507e+01
-7.207470000000000709e+01
-7.448619999999999663e+01
-7.787820000000000675e+01
-7.718000000000000682e+01
-7.875449999999999307e+01
-8.464350000000000307e+01
-7.807150000000000034e+01
-7.240049999999999386e+01
-7.141039999999999566e+01
-7.724490000000000123e+01
-8.807630000000000337e+01
-7.653300000000000125e+01
-7.450629999999999598e+01
-7.660630000000000450e+01
-7.738249999999999318e+01
-7.451909999999999457e+01
-7.220170000000000243e+01
-7.527290000000000703e+01
-8.336400000000000432e+01
-8.045420000000000016e+01
-7.495950000000000557e+01
-7.207460000000000377e+01
-7.128900000000000148e+01
-7.453589999999999804e+01
-7.906109999999999616e+01
-8.166660000000000252e+01
-9.739629999999999654e+01
-8.345220000000000482e+01
-8.284910000000000707e+01
-8.498539999999999850e+01
-8.849979999999999336e+01
-8.163100000000000023e+01
-8.563339999999999463e+01
-7.607710000000000150e+01
-7.153719999999999857e+01
-7.129009999999999536e+01
-7.346290000000000475e+01
-7.412160000000000082e+01
-7.488249999999999318e+01
-7.973600000000000421e+01
-8.127670000000000528e+01
-7.918729999999999336e+01
-8.692860000000000298e+01
-7.878509999999999991e+01
-7.724200000000000443e+01
-7.952790000000000248e+01
-8.102240000000000464e+01
-7.461310000000000286e+01
-7.307590000000000430e+01
-7.486579999999999302e+01
-7.714549999999999841e+01
-7.822220000000000084e+01
-8.060599999999999454e+01
-8.664879999999999427e+01
-8.202689999999999770e+01
-7.414610000000000412e+01
-6.899309999999999832e+01
-6.805049999999999955e+01
-7.090200000000000102e+01
-7.305159999999999343e+01
-7.053709999999999525e+01
-7.241620000000000346e+01
-7.708740000000000236e+01
-7.957800000000000296e+01
-7.884149999999999636e+01
-8.184000000000000341e+01
-8.354720000000000368e+01
-7.116870000000000118e+01
-6.946529999999999916e+01
-7.621890000000000498e+01
-8.090500000000000114e+01
-7.873499999999999943e+01
-8.229080000000000439e+01
-8.655759999999999366e+01
-8.597039999999999793e+01
-8.279930000000000234e+01
-7.515330000000000155e+01
-7.067539999999999623e+01
-7.053600000000000136e+01
-7.289459999999999695e+01
-7.579219999999999402e+01
-7.715080000000000382e+01
-7.209780000000000655e+01
-6.961809999999999832e+01
-7.130870000000000175e+01
-7.786740000000000350e+01
-8.423850000000000193e+01
-8.114919999999999334e+01
-7.630910000000000082e+01
-7.422280000000000655e+01
-7.472530000000000427e+01
-7.461350000000000193e+01
-6.667629999999999768e+01
-6.324269999999999925e+01
-6.613120000000000687e+01
-7.568370000000000175e+01
-7.970430000000000348e+01
-7.552549999999999386e+01
-7.572669999999999391e+01
-8.808599999999999852e+01
-7.549729999999999563e+01
-7.295279999999999632e+01
-7.475749999999999318e+01
-7.460229999999999961e+01
-7.409499999999999886e+01
-7.727439999999999998e+01
-9.620010000000000616e+01
-7.740120000000000289e+01
-7.085370000000000346e+01
-6.772589999999999577e+01
-6.873539999999999850e+01
-7.627859999999999729e+01
-8.464549999999999841e+01
-7.794249999999999545e+01
-7.864560000000000173e+01
-8.213280000000000314e+01
-7.984839999999999804e+01
-8.853679999999999950e+01
-7.664239999999999498e+01
-7.547429999999999950e+01
-8.119819999999999993e+01
-7.295959999999999468e+01
-7.274420000000000641e+01
-7.686620000000000630e+01
-7.904430000000000689e+01
-8.468500000000000227e+01
-7.865869999999999607e+01
-7.404000000000000625e+01
-7.735670000000000357e+01
-8.271909999999999741e+01
-8.376930000000000121e+01
-8.578530000000000655e+01
-8.934040000000000248e+01
-8.500000000000000000e+01
-8.019159999999999400e+01
-7.469240000000000634e+01
-7.438469999999999516e+01
-7.543110000000000070e+01
-7.235779999999999745e+01
-6.982240000000000180e+01
-7.049909999999999854e+01
-7.368309999999999604e+01
-7.690279999999999916e+01
-8.026340000000000430e+01
-7.958379999999999654e+01
-8.200759999999999650e+01
-8.765160000000000196e+01
-8.629670000000000130e+01
-8.170520000000000493e+01
-7.608190000000000452e+01
-7.517289999999999850e+01
-7.163779999999999859e+01
-7.032580000000000098e+01
-7.796620000000000061e+01
-7.793460000000000321e+01
-7.541769999999999641e+01
-9.312080000000000268e+01
-7.537290000000000134e+01
-7.305660000000000309e+01
-7.681839999999999691e+01
-8.057219999999999516e+01
-7.939019999999999300e+01
-7.693999999999999773e+01
-7.797320000000000562e+01
-7.464790000000000703e+01
-7.001590000000000202e+01
-6.977930000000000632e+01
-7.194859999999999900e+01
-7.493330000000000268e+01
-7.716179999999999950e+01
-7.120319999999999538e+01
-6.291989999999999839e+01
-6.057520000000000238e+01
-6.510769999999999413e+01
-7.853870000000000573e+01
-9.813549999999999329e+01
-7.939979999999999905e+01
-7.375749999999999318e+01
-7.275790000000000646e+01
-7.221439999999999770e+01
-7.138540000000000418e+01
-7.099209999999999354e+01
-7.288200000000000500e+01
-8.015409999999999968e+01
-8.733259999999999934e+01
-7.842239999999999611e+01
-8.110519999999999641e+01
-8.557590000000000430e+01
-7.801309999999999434e+01
-7.497669999999999391e+01
-7.401730000000000587e+01
-7.551009999999999422e+01
-8.115080000000000382e+01
-8.232890000000000441e+01
-7.966830000000000211e+01
-8.970260000000000389e+01
-9.100730000000000075e+01
-8.632769999999999300e+01
-7.827469999999999573e+01
-8.037630000000000052e+01
-7.831449999999999534e+01
-7.603149999999999409e+01
-8.184340000000000259e+01
-7.900300000000000011e+01
-9.328090000000000259e+01
-8.000629999999999598e+01
-7.795520000000000493e+01
-7.596840000000000259e+01
-7.444190000000000396e+01
-7.174540000000000362e+01
-7.275119999999999720e+01
-7.354139999999999588e+01
-7.342090000000000316e+01
-7.657059999999999889e+01
-8.365399999999999636e+01
-8.174150000000000205e+01
-7.444790000000000418e+01
-7.158060000000000400e+01
-7.035779999999999745e+01
-7.115670000000000073e+01
-7.468890000000000384e+01
-7.921370000000000289e+01
-8.477200000000000557e+01
-7.744440000000000168e+01
-7.253159999999999741e+01
-7.513389999999999702e+01
-8.700459999999999638e+01
-7.603839999999999577e+01
-7.255049999999999955e+01
-7.373480000000000700e+01
-7.673909999999999343e+01
-8.104439999999999600e+01
-8.283559999999999945e+01
-8.008540000000000703e+01
-7.813710000000000377e+01
-7.433499999999999375e+01
-7.228719999999999857e+01
-7.622110000000000696e+01
-8.535939999999999372e+01
-7.434329999999999927e+01
-7.225390000000000157e+01
-7.910139999999999816e+01
-7.952060000000000173e+01
-7.554110000000000014e+01
-7.789900000000000091e+01
-7.876890000000000214e+01
-7.451239999999999952e+01
-7.641979999999999507e+01
-7.434749999999999659e+01
-7.189990000000000236e+01
-7.925830000000000553e+01
-8.058169999999999789e+01
-7.614239999999999498e+01
-7.469070000000000675e+01
-7.505100000000000193e+01
-9.064050000000000296e+01
-7.873040000000000305e+01
-8.058629999999999427e+01
-7.931000000000000227e+01
-7.517570000000000618e+01
-7.543330000000000268e+01
-7.943040000000000589e+01
-7.694759999999999422e+01
-7.616379999999999484e+01
-7.525579999999999359e+01
-7.387009999999999366e+01
-7.460320000000000107e+01
-7.611079999999999757e+01
-8.342680000000000007e+01
-8.464979999999999905e+01
-7.702439999999999998e+01
-7.751170000000000471e+01
-8.133939999999999770e+01
-7.635960000000000036e+01
-7.224939999999999429e+01
-7.178319999999999368e+01
-7.479439999999999600e+01
-7.765170000000000528e+01
-7.760939999999999372e+01
-7.932429999999999382e+01
-7.408240000000000691e+01
-7.401409999999999911e+01
-8.333310000000000173e+01
-7.264870000000000516e+01
-7.124639999999999418e+01
-7.391589999999999350e+01
-7.775260000000000105e+01
-8.351770000000000493e+01
-7.790609999999999502e+01
-7.720579999999999643e+01
-7.558580000000000609e+01
-7.106480000000000530e+01
-7.211230000000000473e+01
-7.919979999999999620e+01
-8.079259999999999309e+01
-7.443630000000000280e+01
-7.454269999999999641e+01
-8.177729999999999677e+01
-8.517340000000000089e+01
-8.020269999999999300e+01
-7.724800000000000466e+01
-7.555939999999999657e+01
-7.219670000000000698e+01
-6.933480000000000132e+01
-6.925130000000000052e+01
-7.214969999999999573e+01
-7.595589999999999975e+01
-7.722979999999999734e+01
-7.781990000000000407e+01
-8.277400000000000091e+01
-9.685559999999999548e+01
-9.228619999999999379e+01
-8.077280000000000371e+01
-7.652079999999999416e+01
-7.673619999999999663e+01
-7.430800000000000693e+01
-7.399370000000000402e+01
-7.876470000000000482e+01
-7.911610000000000298e+01
-7.597780000000000200e+01
-7.507720000000000482e+01
-7.678870000000000573e+01
-7.629980000000000473e+01
-7.491750000000000398e+01
-7.716400000000000148e+01
-8.741119999999999379e+01
-7.855769999999999698e+01
-7.122509999999999764e+01
-7.069459999999999411e+01
-7.197150000000000603e+01
-7.238200000000000500e+01
-7.517579999999999529e+01
-7.371389999999999532e+01
-7.219910000000000139e+01
-7.319400000000000261e+01
-7.521899999999999409e+01
-7.839749999999999375e+01
-7.983549999999999613e+01
-7.770359999999999445e+01
-7.891379999999999484e+01
-9.157580000000000098e+01
-8.148029999999999973e+01
-8.124939999999999429e+01
-7.448999999999999488e+01
-7.671169999999999334e+01
-8.522899999999999920e+01
-7.878799999999999670e+01
-7.547220000000000084e+01
-8.307590000000000430e+01
-7.436100000000000421e+01
-7.228509999999999991e+01
-7.786549999999999727e+01
-8.514050000000000296e+01
-7.706279999999999575e+01
-7.715319999999999823e+01
-1.009860000000000042e+02
-7.792950000000000443e+01
-7.902889999999999304e+01
-8.303130000000000166e+01
-1.028409999999999940e+02
-7.774939999999999429e+01
-7.615529999999999688e+01
-8.168189999999999884e+01
-8.009120000000000061e+01
-7.490739999999999554e+01
-7.257309999999999661e+01
-7.145820000000000505e+01
-7.305110000000000525e+01
-8.005249999999999488e+01
-8.002379999999999427e+01
-7.745489999999999498e+01
-8.390640000000000498e+01
-7.952689999999999770e+01
-7.559329999999999927e+01
-9.106140000000000612e+01
-7.152979999999999450e+01
-7.029619999999999891e+01
-7.545010000000000616e+01
-6.537529999999999575e+01
-6.074909999999999854e+01
-6.205510000000000304e+01
-6.988429999999999609e+01
-9.331010000000000559e+01
-8.101730000000000587e+01
-7.996460000000000434e+01
-8.155840000000000600e+01
-9.149020000000000152e+01
-7.993739999999999668e+01
-7.962560000000000571e+01
-7.920470000000000255e+01
-7.605889999999999418e+01
-7.167980000000000018e+01
-6.854540000000000077e+01
-6.828700000000000614e+01
-6.963760000000000616e+01
-6.959080000000000155e+01
-7.214990000000000236e+01
-7.490200000000000102e+01
-7.349460000000000548e+01
-7.792589999999999861e+01
-7.947660000000000480e+01
-7.407319999999999993e+01
-7.024790000000000134e+01
-6.765189999999999770e+01
-6.780929999999999325e+01
-7.166230000000000189e+01
-7.756380000000000052e+01
-8.169809999999999661e+01
-7.646810000000000684e+01
-7.530089999999999861e+01
-7.757269999999999754e+01
-8.302030000000000598e+01
-8.112050000000000693e+01
-7.494110000000000582e+01
-7.600029999999999575e+01
-7.805169999999999675e+01
-7.793919999999999959e+01
-7.948919999999999675e+01
-1.145939999999999941e+02
-8.734499999999999886e+01
-8.497599999999999909e+01
-7.571680000000000632e+01
-7.424079999999999302e+01
-7.675629999999999598e+01
-8.070560000000000400e+01
-7.782710000000000150e+01
-8.241020000000000323e+01
-8.350000000000000000e+01
-9.225409999999999400e+01
-7.538410000000000366e+01
-7.057980000000000587e+01
-6.917350000000000421e+01
-7.243019999999999925e+01
-7.194509999999999650e+01
-7.254909999999999570e+01
-7.862199999999999989e+01
-8.068580000000000041e+01
-7.465420000000000300e+01
-7.382479999999999620e+01
-8.192170000000000130e+01
-7.407850000000000534e+01
-7.005899999999999750e+01
-7.222910000000000252e+01
-8.230599999999999739e+01
-7.858939999999999770e+01
-7.634439999999999316e+01
-7.605939999999999657e+01
-7.831789999999999452e+01
-8.025509999999999877e+01
-7.552290000000000703e+01
-7.639079999999999870e+01
-7.694819999999999993e+01
-7.333069999999999311e+01
-7.183050000000000068e+01
-7.550679999999999836e+01
-7.591100000000000136e+01
-7.650469999999999970e+01
-8.379909999999999570e+01
-7.751250000000000284e+01
-8.362779999999999347e+01
-8.575159999999999627e+01
-8.819719999999999516e+01
-8.331449999999999534e+01
-8.745470000000000255e+01
-8.121529999999999916e+01
-7.961050000000000182e+01
-9.947910000000000252e+01
-7.676120000000000232e+01
-7.239140000000000441e+01
-7.159000000000000341e+01
-7.241549999999999443e+01
-7.258549999999999613e+01
-7.224410000000000309e+01
-7.341119999999999379e+01
-7.481610000000000582e+01
-7.844650000000000034e+01
-8.183190000000000452e+01
-8.060680000000000689e+01
-8.425499999999999545e+01
-7.959180000000000632e+01
-7.371569999999999823e+01
-7.188769999999999527e+01
-6.607019999999999982e+01
-6.311180000000000234e+01
-6.709489999999999554e+01
-7.982309999999999661e+01
-8.510939999999999372e+01
-7.558599999999999852e+01
-7.089300000000000068e+01
-7.128530000000000655e+01
-7.371089999999999520e+01
-7.118659999999999854e+01
-6.863299999999999557e+01
-6.759900000000000375e+01
-7.075759999999999650e+01
-7.640389999999999304e+01
-7.525440000000000396e+01
-7.668970000000000198e+01
-9.266160000000000707e+01
-7.411660000000000537e+01
-7.095010000000000616e+01
-7.939700000000000557e+01
-7.571670000000000300e+01
-7.151860000000000639e+01
-7.582810000000000628e+01
-7.752100000000000080e+01
-7.684040000000000248e+01
-7.472939999999999827e+01
-7.772539999999999338e+01
-8.220569999999999311e+01
-8.617329999999999757e+01
-7.461450000000000671e+01
-6.883580000000000609e+01
-6.638150000000000261e+01
-6.872400000000000375e+01
-7.253700000000000614e+01
-7.332429999999999382e+01
-7.040059999999999718e+01
-7.275790000000000646e+01
-7.207330000000000325e+01
-6.747180000000000177e+01
-6.577500000000000568e+01
-6.991190000000000282e+01
-7.535360000000000014e+01
-6.845990000000000464e+01
-6.549580000000000268e+01
-6.683199999999999363e+01
-6.978449999999999420e+01
-7.103629999999999711e+01
-7.291280000000000427e+01
-7.261629999999999541e+01
-7.207920000000000016e+01
-7.180599999999999739e+01
-6.554810000000000514e+01
-5.928920000000000101e+01
-5.833350000000000080e+01
-6.494100000000000250e+01
-6.611780000000000257e+01
-6.135609999999999786e+01
-6.517040000000000077e+01
-6.419299999999999784e+01
-5.800430000000000064e+01
-5.757699999999999818e+01
-6.595120000000000005e+01
-6.547799999999999443e+01
-6.336730000000000018e+01
-6.721410000000000196e+01
-5.947299999999999898e+01
-5.424730000000000274e+01
-5.104719999999999658e+01
-4.972930000000000206e+01
-5.231539999999999679e+01
-5.841879999999999740e+01
-5.252439999999999998e+01
-4.920559999999999690e+01
-5.066460000000000008e+01
-4.985620000000000118e+01
-4.680210000000000292e+01
-4.781980000000000075e+01
-5.246039999999999992e+01
-5.112720000000000198e+01
-4.930729999999999791e+01
-5.674080000000000013e+01
-4.577830000000000155e+01
-4.172240000000000038e+01
-4.174139999999999873e+01
-4.631560000000000343e+01
-4.487319999999999709e+01
-4.133480000000000132e+01
-4.296110000000000184e+01
-5.682869999999999777e+01
-4.258709999999999951e+01
-4.155140000000000100e+01
-5.291799999999999926e+01
-3.943500000000000227e+01
-3.153999999999999915e+01
-2.988240000000000052e+01
-3.663289999999999935e+01
-3.738159999999999883e+01
-2.933099999999999952e+01
-2.894229999999999947e+01
-3.294689999999999941e+01
-2.971369999999999933e+01
-2.508869999999999933e+01
-3.476570000000000249e+01
-1.308019999999999960e+01
-2.453689999999999927e+00
1.094729999999999981e+00
-1.973710000000000075e+00
-1.282489999999999952e+01
-2.726839999999999975e+01
-2.525440000000000040e+01
-2.899309999999999832e+01
-3.251380000000000337e+01
-2.719109999999999872e+01
-2.699249999999999972e+01
-3.509000000000000341e+01
-3.835690000000000310e+01
-3.094030000000000058e+01
-3.235320000000000107e+01
-4.048570000000000135e+01
-5.604800000000000182e+01
-4.351749999999999829e+01
-4.525840000000000174e+01
-6.865720000000000312e+01
-4.430960000000000321e+01
-4.253620000000000090e+01
-4.653589999999999804e+01
-4.726720000000000255e+01
-4.207909999999999684e+01
-4.197460000000000235e+01
-4.613909999999999911e+01
-5.399609999999999843e+01
-4.882710000000000150e+01
-4.933550000000000324e+01
-5.265140000000000242e+01
-4.835949999999999704e+01
-4.554650000000000176e+01
-4.813250000000000028e+01
-5.027179999999999893e+01
-4.786500000000000199e+01
-4.952060000000000173e+01
-5.663799999999999812e+01
-5.231960000000000122e+01
-4.881089999999999662e+01
-5.011780000000000257e+01
-5.329930000000000234e+01
-5.731920000000000215e+01
-6.203810000000000002e+01
-6.388559999999999661e+01
-6.893420000000000414e+01
-6.473319999999999652e+01
-5.756499999999999773e+01
-5.836129999999999995e+01
-6.543899999999999295e+01
-6.756380000000000052e+01
-6.165310000000000201e+01
-6.328560000000000230e+01
-6.567629999999999768e+01
-5.884470000000000312e+01
-5.978309999999999746e+01
-6.581210000000000093e+01
-6.833190000000000452e+01
-6.878279999999999461e+01
-7.112919999999999732e+01
-6.836029999999999518e+01
-6.696129999999999427e+01
-6.862359999999999616e+01
-6.833459999999999468e+01
-6.960330000000000439e+01
-6.777249999999999375e+01
-7.172440000000000282e+01
-6.987539999999999907e+01
-6.479519999999999413e+01
-6.498699999999999477e+01
-6.760509999999999309e+01
-6.750300000000000011e+01
-6.625749999999999318e+01
-6.843640000000000612e+01
-7.341759999999999309e+01
-7.017090000000000316e+01
-6.651640000000000441e+01
-6.721890000000000498e+01
-6.779909999999999570e+01
-6.651040000000000418e+01
-6.744540000000000646e+01
-7.361879999999999313e+01
-8.366840000000000543e+01
-7.649960000000000093e+01
-7.192100000000000648e+01
-6.966670000000000584e+01
-6.956550000000000011e+01
-6.963639999999999475e+01
-7.304380000000000450e+01
-8.069039999999999679e+01
-8.438060000000000116e+01
-7.461310000000000286e+01
-7.013769999999999527e+01
-7.366719999999999402e+01
-7.971120000000000516e+01
-7.377979999999999450e+01
-7.937090000000000600e+01
-7.651819999999999311e+01
-7.054009999999999536e+01
-7.155400000000000205e+01
-7.310850000000000648e+01
-7.114830000000000609e+01
-7.227809999999999491e+01
-7.729349999999999454e+01
-7.001260000000000616e+01
-6.295179999999999865e+01
-6.017909999999999826e+01
-6.361580000000000013e+01
-6.973940000000000339e+01
-7.064019999999999300e+01
-7.411150000000000659e+01
-7.798869999999999436e+01
-7.820369999999999777e+01
-7.339079999999999870e+01
-7.620180000000000575e+01
-7.484780000000000655e+01
-7.407559999999999434e+01
-7.165590000000000259e+01
-7.165930000000000177e+01
-7.556889999999999930e+01
-7.691140000000000043e+01
-7.127809999999999491e+01
-6.904430000000000689e+01
-7.226550000000000296e+01
-8.002160000000000650e+01
-8.470990000000000464e+01
-7.780379999999999541e+01
-8.229949999999999477e+01
-7.992130000000000223e+01
-8.374190000000000111e+01
-8.689790000000000703e+01
-7.429980000000000473e+01
-7.094989999999999952e+01
-7.184430000000000405e+01
-7.167570000000000618e+01
-7.231340000000000146e+01
-7.807620000000000005e+01
-7.921269999999999811e+01
-8.162239999999999895e+01
-8.888030000000000541e+01
-7.547499999999999432e+01
-7.048180000000000689e+01
-7.264790000000000703e+01
-8.048319999999999652e+01
-8.964749999999999375e+01
-9.021009999999999707e+01
-8.157800000000000296e+01
-7.852899999999999636e+01
-8.624349999999999739e+01
-8.403350000000000364e+01
-7.428650000000000375e+01
-7.016410000000000480e+01
-6.975579999999999359e+01
-7.256189999999999429e+01
-7.922079999999999700e+01
-8.441809999999999548e+01
-8.555379999999999541e+01
-7.104300000000000637e+01
-6.731719999999999970e+01
-7.073460000000000036e+01
-7.582710000000000150e+01
-7.830490000000000350e+01
-8.102949999999999875e+01
-8.134520000000000550e+01
-7.965170000000000528e+01
-7.556380000000000052e+01
-7.822480000000000189e+01
-8.114690000000000225e+01
-7.430159999999999343e+01
-7.551990000000000691e+01
-7.651590000000000202e+01
-7.477530000000000143e+01
-7.579489999999999839e+01
-7.378650000000000375e+01
-7.378979999999999961e+01
-7.703019999999999357e+01
-7.475020000000000664e+01
-7.418340000000000600e+01
-7.769289999999999452e+01
-7.673009999999999309e+01
-8.068770000000000664e+01
-8.299479999999999791e+01
-7.435009999999999764e+01
-7.117879999999999541e+01
-6.784770000000000323e+01
-6.784780000000000655e+01
-7.063939999999999486e+01
-7.377889999999999304e+01
-7.496370000000000289e+01
-7.446219999999999573e+01
-7.539319999999999311e+01
-7.709059999999999491e+01
-7.641039999999999566e+01
-7.666060000000000230e+01
-7.974429999999999552e+01
-8.487369999999999948e+01
-8.064289999999999736e+01
-7.489199999999999591e+01
-8.200570000000000448e+01
-8.036669999999999447e+01
-7.269079999999999586e+01
-7.100769999999999982e+01
-7.176009999999999422e+01
-7.250339999999999918e+01
-7.218559999999999377e+01
-7.120600000000000307e+01
-7.221299999999999386e+01
-7.661579999999999302e+01
-6.419650000000000034e+01
-5.635929999999999751e+01
-5.544279999999999831e+01
-6.236240000000000094e+01
-9.398099999999999454e+01
-7.881029999999999802e+01
-9.572060000000000457e+01
-8.380320000000000391e+01
-8.769939999999999714e+01
-7.650639999999999930e+01
-7.237619999999999720e+01
-7.528959999999999297e+01
-7.907590000000000430e+01
-7.363249999999999318e+01
-7.127710000000000434e+01
-7.531000000000000227e+01
-7.810389999999999588e+01
-7.618179999999999552e+01
-7.437850000000000250e+01
-7.489690000000000225e+01
-8.010580000000000211e+01
-8.360380000000000678e+01
-8.134569999999999368e+01
-7.852039999999999509e+01
-7.651560000000000628e+01
-7.611020000000000607e+01
-7.116519999999999868e+01
-6.899559999999999604e+01
-7.180939999999999657e+01
-8.499389999999999645e+01
-7.739539999999999509e+01
-7.785559999999999548e+01
-7.870589999999999975e+01
-7.748139999999999361e+01
-7.983389999999999986e+01
-1.017750000000000057e+02
-8.527429999999999666e+01
-8.433689999999999998e+01
-7.984590000000000032e+01
-7.536920000000000641e+01
-7.265349999999999397e+01
-7.056340000000000146e+01
-6.937839999999999918e+01
-7.155759999999999366e+01
-7.735020000000000095e+01
-8.175950000000000273e+01
-7.868479999999999563e+01
-7.398170000000000357e+01
-7.138190000000000168e+01
-7.300979999999999848e+01
-8.223229999999999507e+01
-7.698260000000000502e+01
-7.376850000000000307e+01
-6.913660000000000139e+01
-6.788620000000000232e+01
-7.096250000000000568e+01
-8.129430000000000689e+01
-8.078610000000000468e+01
-7.766530000000000200e+01
-7.609279999999999688e+01
-7.272199999999999420e+01
-7.173550000000000182e+01
-7.397560000000000002e+01
-8.249519999999999698e+01
-7.897740000000000293e+01
-7.518389999999999418e+01
-7.299620000000000175e+01
-7.208660000000000423e+01
-7.726470000000000482e+01
-8.331889999999999930e+01
-8.990619999999999834e+01
-7.264069999999999538e+01
-6.994370000000000687e+01
-7.153440000000000509e+01
-7.538150000000000261e+01
-7.747740000000000293e+01
-7.331000000000000227e+01
-6.995019999999999527e+01
-6.901590000000000202e+01
-7.031740000000000634e+01
-7.587099999999999511e+01
-8.445910000000000650e+01
-8.155540000000000589e+01
-7.804319999999999879e+01
-8.027859999999999729e+01
-9.378029999999999688e+01
-9.531780000000000541e+01
-7.823409999999999798e+01
-7.515279999999999916e+01
-7.900440000000000396e+01
-8.270959999999999468e+01
-7.228520000000000323e+01
-6.716779999999999973e+01
-6.714409999999999457e+01
-7.169809999999999661e+01
-7.800560000000000116e+01
-7.764579999999999416e+01
-7.760590000000000543e+01
-7.946049999999999613e+01
-7.516049999999999898e+01
-7.392870000000000630e+01
-7.732450000000000045e+01
-7.916429999999999723e+01
-8.410639999999999361e+01
-6.821559999999999491e+01
-6.178269999999999840e+01
-6.244709999999999894e+01
-7.126170000000000471e+01
-9.456690000000000396e+01
-8.927439999999999998e+01
-8.567640000000000100e+01
-8.319469999999999743e+01
-7.559600000000000364e+01
-7.142119999999999891e+01
-7.140699999999999648e+01
-7.525360000000000582e+01
-1.111949999999999932e+02
-7.579449999999999932e+01
-7.414249999999999829e+01
-7.846620000000000061e+01
-8.618980000000000530e+01
-7.859829999999999472e+01
-7.658790000000000475e+01
-7.839050000000000296e+01
-8.701380000000000337e+01
-8.658820000000000050e+01
-8.351080000000000325e+01
-7.964849999999999852e+01
-7.243290000000000362e+01
-6.831719999999999970e+01
-6.851370000000000005e+01
-7.094960000000000377e+01
-7.372400000000000375e+01
-7.667810000000000059e+01
-7.647239999999999327e+01
-8.339579999999999416e+01
-8.494469999999999743e+01
-8.279999999999999716e+01
-8.838710000000000377e+01
-8.968850000000000477e+01
-8.689490000000000691e+01
-7.996829999999999927e+01
-8.290590000000000259e+01
-7.671330000000000382e+01
-7.568649999999999523e+01
-8.056810000000000116e+01
-8.936430000000000007e+01
-8.391679999999999495e+01
-7.630540000000000589e+01
-7.279269999999999641e+01
-7.311090000000000089e+01
-8.149099999999999966e+01
-8.260020000000000095e+01
-8.209250000000000114e+01
-8.288939999999999486e+01
-7.840720000000000312e+01
-7.271399999999999864e+01
-6.771599999999999397e+01
-6.664740000000000464e+01
-7.096309999999999718e+01
-7.456900000000000261e+01
-7.379730000000000700e+01
-7.652179999999999893e+01
-8.567270000000000607e+01
-8.694939999999999714e+01
-8.091070000000000562e+01
-8.120579999999999643e+01
-8.301330000000000098e+01
-7.904850000000000421e+01
-7.960500000000000398e+01
-8.460259999999999536e+01
-8.031470000000000198e+01
-7.444689999999999941e+01
-7.211610000000000298e+01
-7.198399999999999466e+01
-7.539100000000000534e+01
-8.199450000000000216e+01
-7.405769999999999698e+01
-7.394809999999999661e+01
-7.859550000000000125e+01
-7.449230000000000018e+01
-6.802129999999999654e+01
-6.395649999999999835e+01
-6.336800000000000210e+01
-6.685269999999999868e+01
-7.459560000000000457e+01
-7.263689999999999714e+01
-7.153390000000000271e+01
-7.773789999999999623e+01
-8.025849999999999795e+01
-7.706019999999999470e+01
-8.107280000000000086e+01
-7.677580000000000382e+01
-7.497950000000000159e+01
-7.754349999999999454e+01
-8.910309999999999775e+01
-7.566360000000000241e+01
-8.404619999999999891e+01
-7.354859999999999332e+01
-7.262579999999999814e+01
-8.050130000000000052e+01
-8.625430000000000064e+01
-7.626189999999999714e+01
-7.089700000000000557e+01
-7.097589999999999577e+01
-7.287850000000000250e+01
-8.140250000000000341e+01
-6.659590000000000032e+01
-5.543529999999999802e+01
-5.054310000000000258e+01
-5.189789999999999992e+01
-6.088309999999999889e+01
-8.029699999999999704e+01
-7.926210000000000377e+01
-7.702559999999999718e+01
-7.664830000000000609e+01
-8.296309999999999718e+01
-7.965210000000000434e+01
-8.020250000000000057e+01
-7.700809999999999889e+01
-7.439199999999999591e+01
-7.666190000000000282e+01
-8.178940000000000055e+01
-8.061119999999999663e+01
-7.636180000000000234e+01
-7.585160000000000480e+01
-7.983429999999999893e+01
-8.500950000000000273e+01
-7.785080000000000666e+01
-7.597939999999999827e+01
-7.729259999999999309e+01
-7.993760000000000332e+01
-8.061639999999999873e+01
-8.744240000000000634e+01
-7.452429999999999666e+01
-7.067610000000000525e+01
-7.270780000000000598e+01
-7.414740000000000464e+01
-7.304890000000000327e+01
-7.504479999999999507e+01
-8.446389999999999532e+01
-7.966599999999999682e+01
-7.675860000000000127e+01
-7.536490000000000578e+01
-7.672069999999999368e+01
-7.922209999999999752e+01
-7.729619999999999891e+01
-7.465819999999999368e+01
-7.320149999999999579e+01
-7.348480000000000700e+01
-7.764260000000000161e+01
-8.994549999999999557e+01
-8.727070000000000505e+01
-8.098329999999999984e+01
-8.211140000000000327e+01
-8.297830000000000439e+01
-7.837500000000000000e+01
-7.425679999999999836e+01
-7.345560000000000400e+01
-7.650249999999999773e+01
-8.443640000000000612e+01
-7.283469999999999800e+01
-7.226130000000000564e+01
-7.761719999999999686e+01
-7.635819999999999652e+01
-7.063479999999999848e+01
-7.125950000000000273e+01
-7.576149999999999807e+01
-7.901460000000000150e+01
-7.666519999999999868e+01
-7.876829999999999643e+01
-8.151529999999999632e+01
-7.522969999999999402e+01
-7.810190000000000055e+01
-7.941360000000000241e+01
-8.078610000000000468e+01
-8.694859999999999900e+01
-8.334739999999999327e+01
-7.743210000000000548e+01
-7.442149999999999466e+01
-7.443229999999999791e+01
-7.871880000000000166e+01
-8.186230000000000473e+01
-8.085009999999999764e+01
-8.610360000000000014e+01
-8.624469999999999459e+01
-8.363070000000000448e+01
-7.288569999999999993e+01
-6.624850000000000705e+01
-6.707030000000000314e+01
-7.410960000000000036e+01
-7.699679999999999325e+01
-7.430790000000000362e+01
-7.144289999999999452e+01
-7.107030000000000314e+01
-7.576149999999999807e+01
-7.931229999999999336e+01
-7.556749999999999545e+01
-7.643540000000000134e+01
-7.779389999999999361e+01
-7.785769999999999413e+01
-7.709310000000000684e+01
-7.678249999999999886e+01
-7.566389999999999816e+01
-7.551829999999999643e+01
-7.501470000000000482e+01
-7.418899999999999295e+01
-7.767350000000000421e+01
-8.084690000000000509e+01
-7.651189999999999714e+01
-7.983939999999999770e+01
-7.883069999999999311e+01
-6.632519999999999527e+01
-6.147370000000000090e+01
-6.350759999999999650e+01
-7.246609999999999729e+01
-8.098779999999999291e+01
-1.060400000000000063e+02
-8.179779999999999518e+01
-7.786629999999999541e+01
-7.611369999999999436e+01
-7.353079999999999927e+01
-7.325379999999999825e+01
-7.383669999999999334e+01
-7.099240000000000350e+01
-7.114239999999999498e+01
-7.528719999999999857e+01
-8.021959999999999980e+01
-8.310649999999999693e+01
-7.945120000000000005e+01
-8.126099999999999568e+01
-7.358960000000000434e+01
-7.144020000000000437e+01
-7.306180000000000518e+01
-7.870229999999999393e+01
-8.385099999999999909e+01
-7.952630000000000621e+01
-8.749819999999999709e+01
-7.997069999999999368e+01
-7.424379999999999313e+01
-7.792610000000000525e+01
-8.632869999999999777e+01
-7.523510000000000275e+01
-7.240779999999999461e+01
-7.194299999999999784e+01
-7.439600000000000080e+01
-8.462449999999999761e+01
-7.808929999999999438e+01
-7.255610000000000070e+01
-7.010559999999999548e+01
-7.198380000000000223e+01
-7.263660000000000139e+01
-7.402859999999999729e+01
-7.783899999999999864e+01
-8.392220000000000368e+01
-8.084579999999999700e+01
-7.529749999999999943e+01
-7.885949999999999704e+01
-8.261299999999999955e+01
-7.529500000000000171e+01
-7.710710000000000264e+01
-8.943300000000000693e+01
-8.769979999999999620e+01
-7.518989999999999441e+01
-6.830249999999999488e+01
-6.725159999999999627e+01
-7.201000000000000512e+01
-7.599190000000000111e+01
-7.809950000000000614e+01
-8.449060000000000059e+01
-8.030429999999999779e+01
-8.099439999999999884e+01
-8.112890000000000157e+01
-7.838500000000000512e+01
-7.447090000000000032e+01
-7.283809999999999718e+01
-7.394650000000000034e+01
-7.563200000000000500e+01
-7.586260000000000048e+01
-7.904649999999999466e+01
-8.974259999999999593e+01
-7.919169999999999732e+01
-7.438859999999999673e+01
-7.574620000000000175e+01
-8.370470000000000255e+01
-7.484229999999999450e+01
-7.516779999999999973e+01
-7.437959999999999638e+01
-7.588169999999999504e+01
-8.390030000000000143e+01
-7.740930000000000177e+01
-7.825469999999999970e+01
-7.669929999999999382e+01
-7.389709999999999468e+01
-7.686090000000000089e+01
-8.117659999999999343e+01
-8.348449999999999704e+01
-8.232869999999999777e+01
-7.852899999999999636e+01
-7.844190000000000396e+01
-7.702639999999999532e+01
-7.396899999999999409e+01
-7.052389999999999759e+01
-6.766070000000000562e+01
-6.768770000000000664e+01
-7.231719999999999970e+01
-8.417119999999999891e+01
-7.962529999999999575e+01
-8.237390000000000612e+01
-8.311870000000000402e+01
-7.647490000000000521e+01
-7.734950000000000614e+01
-8.211289999999999623e+01
-7.745569999999999311e+01
-7.133679999999999666e+01
-6.449439999999999884e+01
-5.821020000000000039e+01
-5.641779999999999973e+01
-6.112680000000000291e+01
-7.474949999999999761e+01
-8.502660000000000196e+01
-7.643800000000000239e+01
-7.761889999999999645e+01
-7.796120000000000516e+01
-7.390890000000000271e+01
-7.603950000000000387e+01
-7.868670000000000186e+01
-7.530249999999999488e+01
-7.237980000000000302e+01
-7.043420000000000414e+01
-7.128889999999999816e+01
-7.264979999999999905e+01
-7.152400000000000091e+01
-7.205310000000000059e+01
-7.481629999999999825e+01
-7.680360000000000298e+01
-8.204470000000000596e+01
-8.287659999999999627e+01
-8.990049999999999386e+01
-7.815269999999999584e+01
-7.538720000000000709e+01
-7.589820000000000277e+01
-7.323329999999999984e+01
-7.155729999999999791e+01
-7.762949999999999307e+01
-7.555320000000000391e+01
-7.299729999999999563e+01
-7.578270000000000550e+01
-7.621710000000000207e+01
-7.613930000000000575e+01
-7.455540000000000589e+01
-7.239690000000000225e+01
-7.378270000000000550e+01
-8.192659999999999343e+01
-8.412640000000000384e+01
-7.815399999999999636e+01
-7.600109999999999388e+01
-8.129970000000000141e+01
-8.189929999999999666e+01
-7.951160000000000139e+01
-7.771909999999999741e+01
-7.497820000000000107e+01
-7.428220000000000312e+01
-7.776019999999999754e+01
-9.431100000000000705e+01
-7.825000000000000000e+01
-8.194379999999999598e+01
-7.414050000000000296e+01
-6.695289999999999964e+01
-6.429519999999999413e+01
-6.704019999999999868e+01
-7.460550000000000637e+01
-7.560869999999999891e+01
-7.677670000000000528e+01
-8.376649999999999352e+01
-8.343030000000000257e+01
-8.303959999999999297e+01
-7.790460000000000207e+01
-7.036820000000000164e+01
-7.146099999999999852e+01
-7.530289999999999395e+01
-7.238500000000000512e+01
-6.940380000000000393e+01
-7.398730000000000473e+01
-8.677509999999999479e+01
-8.167000000000000171e+01
-8.363569999999999993e+01
-7.546009999999999707e+01
-7.428090000000000259e+01
-7.768149999999999977e+01
-8.598869999999999436e+01
-8.434399999999999409e+01
-8.833410000000000650e+01
-7.785930000000000462e+01
-7.109430000000000405e+01
-6.906770000000000209e+01
-7.021550000000000580e+01
-7.506069999999999709e+01
-8.053610000000000468e+01
-7.854340000000000543e+01
-9.434300000000000352e+01
-7.798050000000000637e+01
-7.906329999999999814e+01
-8.237770000000000437e+01
-9.124710000000000321e+01
-8.812279999999999802e+01
-8.412779999999999347e+01
-7.485599999999999454e+01
-7.568080000000000496e+01
-8.090550000000000352e+01
-7.412390000000000612e+01
-7.732540000000000191e+01
-7.820780000000000598e+01
-7.194660000000000366e+01
-6.945359999999999445e+01
-6.861150000000000659e+01
-7.080670000000000641e+01
-7.756529999999999347e+01
-7.618829999999999814e+01
-6.962430000000000518e+01
-6.203649999999999665e+01
-5.873140000000000072e+01
-6.064249999999999829e+01
-6.620839999999999748e+01
-7.273149999999999693e+01
-7.878289999999999793e+01
-7.667210000000000036e+01
-7.750020000000000664e+01
-7.792230000000000700e+01
-7.814490000000000691e+01
-8.265940000000000509e+01
-8.839929999999999666e+01
-8.016429999999999723e+01
-7.772639999999999816e+01
-8.879149999999999920e+01
-7.548359999999999559e+01
-7.212359999999999616e+01
-7.317109999999999559e+01
-7.425539999999999452e+01
-7.931260000000000332e+01
-8.865380000000000393e+01
-7.921259999999999479e+01
-8.052460000000000662e+01
-8.664690000000000225e+01
-9.117149999999999466e+01
-7.685269999999999868e+01
-7.042749999999999488e+01
-6.823529999999999518e+01
-7.096829999999999927e+01
-8.220709999999999695e+01
-7.819639999999999702e+01
-7.673109999999999786e+01
-7.785049999999999670e+01
-7.631600000000000250e+01
-7.946819999999999595e+01
-8.215560000000000684e+01
-7.712120000000000175e+01
-8.020610000000000639e+01
-8.245059999999999434e+01
-9.425149999999999295e+01
-8.548399999999999466e+01
-8.484489999999999554e+01
-8.727110000000000412e+01
-8.443760000000000332e+01
-8.142680000000000007e+01
-7.844350000000000023e+01
-7.826349999999999341e+01
-7.951109999999999900e+01
-7.590600000000000591e+01
-7.686599999999999966e+01
-8.047140000000000271e+01
-7.006860000000000355e+01
-6.691270000000000095e+01
-6.867600000000000193e+01
-7.550100000000000477e+01
-7.464780000000000371e+01
-7.782829999999999870e+01
-8.142279999999999518e+01
-7.814539999999999509e+01
-7.633859999999999957e+01
-7.975010000000000332e+01
-9.045789999999999509e+01
-8.294950000000000045e+01
-7.834619999999999607e+01
-7.649139999999999873e+01
-7.394249999999999545e+01
-7.199299999999999500e+01
-7.384239999999999782e+01
-7.971420000000000528e+01
-7.928310000000000457e+01
-8.003180000000000405e+01
-8.576680000000000348e+01
-7.519320000000000448e+01
-7.764820000000000277e+01
-8.902469999999999573e+01
-8.145600000000000307e+01
-7.567440000000000566e+01
-7.543000000000000682e+01
-7.703560000000000230e+01
-8.580750000000000455e+01
-7.620770000000000266e+01
-7.265219999999999345e+01
-7.620659999999999457e+01
-8.256229999999999336e+01
-7.137430000000000518e+01
-6.987630000000000052e+01
-7.727290000000000703e+01
-7.589119999999999777e+01
-7.464090000000000202e+01
-7.760439999999999827e+01
-7.590449999999999875e+01
-7.590019999999999811e+01
-7.440919999999999845e+01
-7.007580000000000098e+01
-6.801179999999999382e+01
-7.349129999999999541e+01
-6.818850000000000477e+01
-6.427779999999999916e+01
-6.550279999999999347e+01
-6.920709999999999695e+01
-6.712659999999999627e+01
-6.621599999999999397e+01
-6.591979999999999507e+01
-5.188680000000000092e+01
-4.441100000000000136e+01
-4.318540000000000134e+01
-4.886619999999999919e+01
-6.295609999999999928e+01
-7.897860000000000014e+01
-7.087640000000000384e+01
-7.006250000000000000e+01
-6.814480000000000359e+01
-6.419950000000000045e+01
-6.553820000000000334e+01
-7.143040000000000589e+01
-8.282789999999999964e+01
-7.416769999999999641e+01
-7.163079999999999359e+01
-7.382680000000000575e+01
-7.966129999999999711e+01
-7.996630000000000393e+01
-7.521160000000000423e+01
-7.213800000000000523e+01
-7.057880000000000109e+01
-7.204670000000000130e+01
-7.752649999999999864e+01
-8.976749999999999829e+01
-7.800100000000000477e+01
-7.292640000000000100e+01
-7.093019999999999925e+01
-7.015089999999999293e+01
-7.148730000000000473e+01
-7.441219999999999857e+01
-7.637340000000000373e+01
-8.005349999999999966e+01
-7.699039999999999395e+01
-7.285370000000000346e+01
-7.338460000000000605e+01
-7.528940000000000055e+01
-7.183180000000000121e+01
-7.102649999999999864e+01
-7.689770000000000039e+01
-8.765739999999999554e+01
-8.217579999999999529e+01
-7.914119999999999777e+01
-7.903130000000000166e+01
-7.539149999999999352e+01
-7.059489999999999554e+01
-6.901940000000000452e+01
-7.098799999999999955e+01
-7.493630000000000280e+01
-7.767090000000000316e+01
-7.854309999999999548e+01
-7.423869999999999436e+01
-7.278759999999999764e+01
-7.558540000000000703e+01
-6.775799999999999557e+01
-6.508650000000000091e+01
-6.853910000000000480e+01
-7.855929999999999325e+01
-8.555469999999999686e+01
-7.986979999999999791e+01
-8.215430000000000632e+01
-7.969700000000000273e+01
-7.690949999999999420e+01
-7.804730000000000700e+01
-8.188790000000000191e+01
-8.284829999999999472e+01
-8.018179999999999552e+01
-7.789780000000000371e+01
-8.012279999999999802e+01
-8.144039999999999679e+01
-7.854550000000000409e+01
-7.645189999999999486e+01
-8.002880000000000393e+01
-7.813120000000000687e+01
-8.156170000000000186e+01
-7.734390000000000498e+01
-7.809369999999999834e+01
-7.967539999999999623e+01
-7.233360000000000412e+01
-6.929229999999999734e+01
-6.993000000000000682e+01
-7.431430000000000291e+01
-7.678090000000000259e+01
-7.328740000000000521e+01
-7.393449999999999989e+01
-8.340330000000000155e+01
-7.207630000000000337e+01
-6.901879999999999882e+01
-7.106480000000000530e+01
-7.604110000000000014e+01
-7.302280000000000371e+01
-7.658039999999999736e+01
-9.779049999999999443e+01
-9.149540000000000362e+01
-8.021729999999999450e+01
-7.314570000000000505e+01
-7.275620000000000687e+01
-7.508920000000000528e+01
-7.786109999999999332e+01
-8.045420000000000016e+01
-7.875190000000000623e+01
-7.906709999999999638e+01
-8.326359999999999673e+01
-8.439549999999999841e+01
-8.156950000000000500e+01
-6.882699999999999818e+01
-6.265350000000000108e+01
-6.293699999999999761e+01
-7.032739999999999725e+01
-7.178900000000000148e+01
-7.431539999999999679e+01
-8.109220000000000539e+01
-8.746240000000000236e+01
-9.462949999999999307e+01
-8.342310000000000514e+01
-8.146290000000000475e+01
-8.435760000000000502e+01
-8.788949999999999818e+01
-8.192990000000000350e+01
-7.409279999999999688e+01
-7.365569999999999595e+01
-8.249979999999999336e+01
-8.262609999999999388e+01
-7.916419999999999391e+01
-7.801030000000000086e+01
-7.359619999999999607e+01
-7.351869999999999550e+01
